235
5 5 5 5 5
10.01 10.01 10.01 10.01 3
-5579.319140 9377.355422 6700.171800 -7290.459914 3836.658990
9929.226511 9857.626038 -6232.360479 944.411927 3050.389319
5962.117135 -7802.764983 9622.193836 4516.779264 4059.411009
7568.612908 2795.267142 -7750.709679 -9904.330312 73.253554
3627.190771 -5761.513352 -2774.119973 5958.572303 2025.229602
-6522.696560 -1558.246378 -504.826388 4812.944894 3961.737462
-7017.720472 7448.576401 -3668.991104 5945.598305 2894.837490
-188.219208 5275.000251 -7496.344709 6438.065296 3272.110410
-9271.174968 -8975.671484 -5795.818510 -7482.067331 1825.376781
8417.495823 5879.499431 -248.621463 -840.216891 17.018324
2879.219130 4214.077502 -9943.631349 4115.485033 879.343510
6163.509803 7535.148302 1475.093332 5478.342578 3971.063025
-1746.669702 8801.480576 6416.815684 6424.919831 1536.697671
-5396.878709 5234.624274 -6838.848309 1619.133553 6194.690975
-9729.217467 -4003.365884 -3351.034353 9770.432016 5655.243211
5577.954201 9100.351470 6969.355839 8147.294355 9749.192537
4655.974505 1890.071223 5871.951630 -8648.092377 3904.657675
-5838.638859 1231.148847 -2153.590616 3596.395814 547.429172
-2873.096788 1856.477570 -2944.751838 -1915.829638 2457.925795
4539.094432 -2254.081897 -2101.835787 -6911.231651 2228.603850
2407.200264 7253.563741 -1277.648700 8549.856833 7609.056378
4322.014193 596.839770 -3195.606017 -560.863965 34.233143
1165.375127 109.970105 8251.549839 4409.869227 63.800421
7089.019735 -1048.311959 931.839238 -750.515872 888.135458
9540.040692 -9313.653735 9598.512095 -29.116272 2736.270782
-9098.809118 7117.502728 -3075.332138 3590.393876 3202.389888
-8092.896513 9647.211275 -7340.079374 4998.819462 4346.534185
-9838.121764 2547.686759 -8448.859412 6042.229385 3605.741189
-7239.973477 -6008.975672 -1226.663363 678.662159 951.454913
95.419894 -4940.880518 -9190.577770 5248.425696 1510.297213
-9041.114291 -3963.453835 6469.108290 9634.462448 5043.047948
-9334.628636 -3123.209281 7754.522657 881.122036 6742.557529
-151.160227 -4544.939267 -5793.962621 7547.278291 984.148858
5150.072722 3039.373439 9098.867485 -193.970072 1295.086280
-1900.372328 -3549.785117 -8936.948593 1057.624166 115.750004
-133.462988 -7403.069498 -4834.082044 6182.744862 2429.991423
6237.479617 2468.711542 -4243.900314 4369.398996 3749.840405
3385.702743 6315.381292 -3121.404967 -2285.789562 2411.623266
-227.645708 8211.299723 -3927.720572 -830.061990 1101.325135
-2782.785730 7403.735307 -2128.202959 -7838.761689 432.921362
8978.501733 -6002.542596 -7197.123243 876.110064 2551.947251
5593.787346 -2227.696555 -9669.588311 -5198.481004 467.238568
-6110.092326 8003.663968 -9630.983131 802.760116 7719.962382
5993.063502 -5209.950729 -7043.419801 -1175.530715 539.698794
1687.644665 2661.273300 2891.010674 -8203.536871 1381.814851
-6753.429634 4146.430474 3608.132892 -2907.237336 2691.628828
-6648.884203 5947.282131 -9158.917492 -1008.878552 6624.285747
5638.183036 -1596.200968 3115.597951 -3500.729286 3049.780095
-4681.586916 5258.628339 -6368.540417 9870.694359 5117.234714
9372.807509 -4367.453178 -3113.441623 -7985.230169 5724.545226
-1968.570434 -6201.889964 -5468.973603 2118.564201 1734.187387
-6968.516831 2729.371369 -4018.963689 -6596.954425 5384.863582
1656.927694 -9638.674595 9184.432108 7679.372016 5337.081710
6942.192978 -4160.784317 -7418.676716 -3444.044696 5384.712146
-4268.268455 -9749.223932 -9968.041919 39.487710 8026.019159
-8691.098705 4399.418716 -2893.026164 -2304.895861 277.183727
-1969.608816 -4921.137874 3796.025187 -1520.433337 621.272865
-231.962284 2218.323889 -549.495171 8685.011727 290.391341
1921.158671 47.247526 -3339.895186 -5099.615021 1875.140475
-3549.340817 4938.084128 -5351.992906 9259.950422 3635.357178
8692.052998 7436.103053 694.420914 9049.440678 3342.281662
4094.474407 -5362.227676 -8689.510767 -4206.211888 6097.851977
2863.620094 -7155.655911 8721.101282 -1555.632224 545.357211
8138.881862 118.388305 -5113.607196 -1261.341789 3203.046537
-2060.363876 -6218.316109 2344.098335 4278.078411 4446.718855
-6383.625946 2345.581699 8178.731494 7161.986029 300.474393
-4132.235125 6322.340416 -2813.511247 6492.634128 6557.643781
-5916.056663 7286.149846 -6093.504613 -144.208255 2325.445522
-6666.034629 8931.545103 -2150.618267 7561.011016 1576.629076
1335.547908 -7375.562992 1967.378238 1279.297892 1087.605418
-5145.526950 4755.816402 -7587.021381 -3790.200789 6457.182945
3484.258922 7634.508294 -3746.461230 -6290.480575 4785.951135
-9833.711094 -8200.941827 -7368.768768 -8749.135192 869.791763
-3284.042030 -42.611430 595.259846 2686.066415 2192.299278
4537.862877 1919.620606 -6536.739364 -5326.491172 2624.277797
-9635.764740 -440.085073 -5304.687933 4143.194534 4946.623973
9929.501341 -544.617983 -8438.661153 3094.471629 641.950443
8142.172445 -5924.806081 5458.018546 7988.720126 2503.748773
3184.212396 -3465.266797 -3466.015081 6961.777759 1735.299647
-236.319699 -164.956579 5399.313310 -9020.335954 264.679459
4970.103188 9495.087730 5529.076029 -2105.445692 2690.040077
-4076.646976 578.412651 2667.265938 -8556.394825 3493.442618
4489.078274 320.956537 9890.108452 2622.398485 587.967638
3625.427410 3659.329709 4972.182310 -3353.217687 3271.995613
-8617.198941 -8642.303370 3962.937186 -821.274250 540.856357
-8111.184628 -7383.890713 -332.496751 -4759.024026 2821.741269
4498.119671 -4636.472428 5125.632910 9396.744117 1684.749787
-187.616303 2274.882862 -8891.171472 -505.631963 1241.678184
5802.035536 -3923.494575 8365.532394 8704.285404 5475.451842
4237.615599 -5387.361492 202.178260 -1020.962751 321.954462
-9939.975895 -619.688735 -4546.660343 3104.264964 1071.521340
-5048.298559 -5697.819107 -3906.729997 9418.883006 6129.020532
805.041739 -5687.414117 -1849.961687 -272.578028 720.614685
-3360.454271 5118.493697 857.241946 -4326.121679 1625.022226
1861.738815 7698.853305 -9702.165994 7141.448638 354.897019
8000.442187 9615.135503 8274.391441 8497.518849 8994.291679
-9480.822445 5555.880622 -9833.514580 8690.439093 1757.540993
-7514.546846 -7778.412760 -3435.270902 2995.615414 362.425385
-8625.228403 4165.152650 3246.005637 664.589412 2567.546964
-3138.763801 -8614.749485 -9776.148271 -1331.406467 3755.398390
-2887.781699 7141.324826 -4618.713276 9854.852299 4935.365595
4243.853062 9299.043583 -5657.227533 6897.125394 732.899856
-6073.993166 -2948.209776 -6134.792503 5197.980099 6641.358545
-886.725252 7239.376186 5347.401035 9051.895342 3346.323212
-5756.325406 -7582.688544 1086.175793 6765.199268 175.214891
5435.721116 -2858.715481 5190.229793 -1806.904046 4135.047235
-8987.481117 -2656.110369 6692.432510 6923.234443 139.479813
-9352.478633 -8490.031349 7389.207768 6851.785870 2278.636124
9025.288528 3252.601589 2310.556086 4713.605714 4682.249706
7442.307997 -3738.685882 -7632.069046 8387.714530 5327.126075
74.069256 8871.846212 1130.635335 6161.169893 3328.336503
-6427.004341 2675.338147 9464.575496 -6940.685348 1555.547907
7660.633220 -706.405221 5719.598147 -100.504394 2947.377990
1701.792890 3871.236168 -9880.527706 8064.819390 3663.995545
3787.657026 -3341.843326 -5400.159494 9806.397933 4177.250443
-1365.109417 7524.923823 8484.828117 -5468.018135 582.251828
2785.563656 -7033.822417 6752.308243 1242.049600 3046.281719
-8336.981969 -9432.233000 -1209.633505 2787.882068 607.343704
-4763.454729 -6196.780651 4732.904504 5640.030273 955.104634
-6243.383292 -6460.938554 3472.742863 -799.462304 943.109208
6612.859693 -9505.318543 -6593.470100 -3522.507856 5103.432315
-9328.553649 -3939.785506 -6891.160645 -7159.299851 1814.212362
-4284.312690 -9650.235779 -1132.561765 5662.472908 3253.308876
-5972.721281 -4521.765039 -8117.003378 -6573.699516 5062.327105
1819.464898 -60.109607 1721.683743 6017.588418 1375.830458
-4712.470514 -9510.757068 8033.132803 -6298.039879 5650.305273
8535.740802 -8069.345071 1124.308731 1994.042382 2032.173658
-7409.331711 -1735.701284 1702.335555 -9201.941192 2178.779502
-299.712431 -958.721628 6965.915159 -8891.871681 615.244294
8986.846870 9516.636502 2887.294528 -5579.882324 4729.449820
-5374.674687 3724.321672 3714.676691 -1582.927754 1819.733005
-2741.684627 -3238.989234 4875.852669 -1288.138556 1310.525153
7033.914839 -2039.291505 6750.133035 4501.565560 6567.941698
-2005.399450 -2302.427331 -2982.067081 8947.885145 1314.002723
3290.513484 -8720.370815 9017.484878 6718.350593 6473.769284
-6948.531145 -7735.946169 -6632.001863 -2580.838634 2089.664295
-8029.124313 -999.354646 -9440.710046 -2070.497439 229.277994
4726.138931 4586.585576 4982.575904 -673.659649 3130.965770
-1571.863520 -8826.029180 -8970.147073 -5683.934693 6208.208312
-5968.660219 -1817.837555 7681.833005 -3663.617455 3250.660793
-3411.769311 -8378.490315 3527.935920 -8671.191151 2608.404476
-8807.709381 -8145.791053 -6470.295644 5937.149516 4261.867320
-1908.938796 8102.490528 -129.163076 4319.718000 9.176724
-7147.776402 -2705.838127 6971.571359 -2499.507007 1566.008897
-2108.672901 673.849774 9940.827993 7379.251156 1140.948861
-3333.676804 -6386.137880 7130.306620 -9139.364380 1372.712900
-8189.565671 -7368.698969 -4948.194208 -3450.785648 3010.239186
-3660.752675 -2939.800321 1563.178439 -4409.111607 856.790742
-2154.510412 -9779.508383 -6170.270536 -2596.409680 1439.171835
2421.090398 2759.055538 4178.468869 9745.663474 1160.487877
1821.536479 4408.103754 -9610.953582 7614.958396 4100.146589
8958.664585 -708.800419 -4070.569029 2775.565316 1038.649142
8502.002544 4262.507032 -7333.270469 68.206264 737.388698
3192.207857 3273.067385 -3160.619293 2725.847231 417.537233
-3356.328748 6044.253833 -1414.924236 2845.602332 1032.167205
2076.746080 8382.344850 -5186.894551 3085.558985 2335.090366
-2040.247959 7701.212174 -99.905182 5602.509923 4441.244589
-5960.052674 -2100.255258 -9970.174140 -5149.472438 5441.495171
-2309.775926 -12.155884 5581.138849 2169.134889 1995.002465
-7435.771470 63.052015 -5006.699273 -7440.856080 2137.693730
-1025.839489 3651.540371 -5532.019557 4537.386301 3441.178511
9021.403462 -5762.211892 6775.242776 8187.311067 7557.832359
6745.528094 -1541.811904 9414.268184 4181.406771 1214.124651
-5680.973657 3949.832038 -8032.587853 3468.532735 5556.600339
-8299.346598 -5850.191204 -1893.976706 -8385.267864 383.650687
-3904.962012 8369.489594 -6678.195748 9569.746173 1617.787502
-9801.603625 -9879.729153 -2238.554986 6877.553908 6032.543558
5594.779902 6705.166339 -6069.588146 -2132.358429 2022.670538
8423.423840 2434.119835 -4490.395785 -4171.602339 5491.632680
-8958.023226 -3444.058505 -8307.324854 -4304.088869 2217.687181
9997.225931 539.331567 -3041.924178 891.455003 765.272878
6606.830136 2316.361449 -7423.890402 8059.269090 2755.492734
3332.883569 5147.438345 5006.645999 2912.371618 800.550045
1875.173362 -227.059323 5594.835825 4605.094131 1787.981852
-8441.731824 -2555.773163 -9296.617038 -8432.446606 5683.748199
336.100194 -4364.137474 -1186.951952 -457.601684 98.575642
-644.456389 -9668.346079 1972.499910 -7642.170237 7869.838414
355.580509 -5896.840816 -8262.160350 -3225.417667 464.415892
7058.709246 9012.277225 7062.781454 -9296.195649 9606.006378
1964.635012 8372.483250 6426.140450 7246.148422 6535.488985
-9622.227669 -6644.353893 8262.770116 752.122686 7130.002729
4690.949514 4590.370688 5763.739456 6827.534301 1729.267722
-7973.556948 2104.743548 8484.650573 1264.597979 2380.291097
1477.856387 -3627.502731 -4180.716422 4676.402553 2825.274863
2783.604858 5850.331282 9598.295667 -8891.566542 3513.472758
1392.236177 8428.868017 104.699221 9453.580865 1073.067885
-5400.603673 9698.476746 -7596.065197 9289.309653 1939.918593
-8882.303982 -1756.347779 5292.873755 1406.954820 120.034166
3653.699025 690.340850 580.519474 -6559.174570 551.445048
4587.794597 -7241.482278 -2509.700818 -3383.711518 3414.011960
-7906.837051 8147.713518 -8725.128450 3210.135382 8014.971829
-752.157193 -88.031946 3313.387777 -2149.595380 473.234129
-7763.539746 -213.577952 -7845.509901 -1809.943659 2828.024894
904.144273 -4819.425263 -3443.928708 -4186.752124 3703.861752
4846.451673 7930.797714 -7301.616189 -9653.169759 2073.264081
8041.353721 -5152.970526 8283.256971 9057.707372 1137.328366
1275.666718 -9266.438265 -2977.258711 1253.645638 3056.218444
7239.870910 7852.173962 2603.788984 5434.437407 3247.758398
-9632.157875 -1998.379106 3687.227950 3275.638238 54.111348
2560.854578 -5998.709353 9998.831553 -2194.029565 1867.191139
-4482.607114 8472.223403 6556.840950 7055.648587 2900.194482
3506.718758 -585.088934 9840.920867 -1636.236703 1556.214621
8309.277975 -3599.077233 -1233.153666 1422.059625 230.837083
7722.949997 -3274.026849 -9604.455777 -4405.898291 7774.694651
5217.529608 -7612.497913 496.496918 -3758.452478 3746.935235
-4732.910387 -1766.857540 -3483.793131 -4220.260773 271.632637
9529.499322 -9109.060597 8626.018022 -5465.827898 5659.912339
899.808940 -7938.040045 -5720.747437 -989.524215 721.743645
-7085.150177 2935.546462 -8383.333491 3358.698167 1938.154098
2313.083387 2846.309145 -1531.069768 8368.790569 2325.267658
-4692.782340 6381.281470 4004.939059 -1145.104137 555.033866
9841.036354 9346.106704 6013.311439 4149.737311 1849.068126
-7445.620191 -2370.208147 -8743.590944 8465.256217 1216.788883
369.907177 7740.282451 7480.066120 -9827.948838 3884.445932
1025.990768 -5501.013808 -1947.195452 -2072.090665 1438.659141
2425.971076 6282.860885 -9010.805794 -2575.369041 3783.753177
7241.363482 4490.334768 -1383.722980 -5418.063382 3642.232686
2749.886460 -6658.206223 6039.368154 1544.292409 3597.935803
7956.288033 2202.972133 -522.227339 8187.543905 4249.612305
7891.627370 -5428.215600 553.151128 -1488.536511 1472.333939
-1058.667224 -9439.378683 -2038.397832 8998.162154 5881.657135
-7229.384199 -8480.459897 8808.191302 7817.295579 279.886591
8332.521671 6800.919206 6125.409558 7341.731769 6490.691181
6484.834113 -4428.850003 8071.876565 3123.520847 3665.952407
5016.141797 3245.214359 5617.619474 4336.618549 5957.180340
2750.423134 3956.106622 2972.181710 1375.657031 2907.502825
9061.964095 -9457.844671 4507.541248 5786.771487 7272.660334
7778.662524 7427.863381 -7385.490138 -5821.706499 468.475580
-797.435498 3088.238542 6396.022986 3907.135336 1472.825680
1318.102758 513.612029 -1124.557554 1339.097521 1403.444530
-7315.706685 3562.135316 5344.024285 1920.694624 4983.381316
5486.030753 1904.426975 -6330.674656 -3372.906615 3113.502032
1477.762428 -473.301925 8078.793065 -4092.502571 1441.993261
